-10.000
-9.798
-9.596
-9.394
-9.192
-8.990
-8.788
-8.586
-8.384
-8.182
-7.980
-7.778
-7.576
-7.374
-7.172
-6.970
-6.768
-6.566
-6.364
-6.162
-5.960
-5.758
-5.556
-5.354
-5.152
-4.949
-4.747
-4.545
-4.343
-4.141
-3.939
-3.737
-3.535
-3.333
-3.131
-2.929
-2.727
-2.525
-2.323
-2.121
-1.919
-1.717
-1.515
-1.313
-1.111
-0.909
-0.707
-0.505
-0.303
-0.101
0.101
0.303
0.505
0.707
0.909
1.111
1.313
1.515
1.717
1.919
2.121
2.323
2.525
2.727
2.929
3.131
3.333
3.535
3.737
3.939
4.141
4.343
4.545
4.747
4.949
5.152
5.354
5.556
5.758
5.960
6.162
6.364
6.566
6.768
6.970
7.172
7.374
7.576
7.778
7.980
8.182
8.384
8.586
8.788
8.990
9.192
9.394
9.596
9.798
10.000
